6,46
6,45
6,44
6,43
6,42
6,41
6,40
6,39
6,38
6,37
6,36
6,34
6,33
6,32
6,31
6,30
6,28
6,27
6,26
6,25
6,24
6,23
6,22
6,21
6,20
6,19
6,18
6,17
6,16
6,15
6,14
6,13
6,12
6,11
6,10
6,9
6,8
6,7
6,6
6,4
6,3
6,2
6,1
6,0
5,6
5,5
5,4
5,3
5,2
5,1
5,0
4,3
4,2
4,1
4,0
3,6
3,5
3,4
3,3
3,2
3,1
3,0
2,3
2,2
2,1
2,0
1,3
1,2
1,1
1,0
0,538
0,452
0,418
0,417
0,416
0,415
0,414
0,413
0,412
0,411
0,410
0,409
0,408
0,407
0,406
0,405
0,404
0,403
0,402
0,401
0,400
0,399
0,398
0,397
0,396
0,395
0,394
0,393
0,392
0,391
0,390
0,389
0,388
0,387
0,386
0,385
0,384
0,243
0,9
0,0
0,1
0,563
0,300
0,562
0,299
0,561
0,298
0,560
0,297
0,559
0,296
0,558
0,295
0,557
0,294
0,556
0,293
0,555
0,292
0,554
0,291
0,553
0,290
0,552
0,289
0,551
0,288
0,550
0,287
0,549
0,286
0,548
0,285
0,547
0,284
0,546
0,283
0,545
0,282
0,544
0,281
0,543
0,280
0,542
0,279
0,541
0,278
0,540
0,277
0,539
0,276
0,537
0,275
0,536
0,274
0,535
0,273
0,534
0,272
0,533
0,271
0,532
0,270
6,47
6,48
6,50
6,51
6,53
6,55
6,57
6,59
6,60
6,62
6,63
6,66
6,68
6,70
6,72
6,73
6,76
6,77
6,79
6,82
6,83
6,85
6,86
6,88
6,90
6,91
6,93
6,97
6,101
6,102
6,104
6,106
6,107
6,110
6,111
6,115
6,118
6,120
6,122
6,123
6,126
6,127
6,129
6,132
6,133
6,135
6,136
6,140
6,142
6,143
6,146
6,148
6,153
6,157
6,158
6,160
6,161
6,163
6,164
6,166
6,168
6,169
6,171
6,172
6,174
6,176
6,177
6,179
6,180
6,182
6,183
6,185
6,187
6,188
6,190
6,191
6,193
6,195
6,196
6,198
6,199
6,201
6,202
6,204
6,206
6,207
6,209
6,210
6,212
6,214
6,215
6,217
6,218
6,220
6,222
6,223
6,225
6,226
6,228
6,229
6,231
6,233
6,234
6,236
6,237
6,239
6,241
6,242
6,244
6,245
6,247
6,248
6,250
6,252
6,253
6,255
6,256
6,258
6,260
6,261
6,263
6,264
6,266
6,267
6,269
6,271
6,272
6,274
6,275
6,277
6,279
6,280
6,282
6,283
6,285
6,286
6,288
6,290
6,291
6,293
6,294
6,296
6,298
6,299
6,301
6,302
6,304
6,306
6,307
6,309
6,310
6,312
6,313
6,315
6,317
6,318
6,320
6,322
6,324
6,326
6,384
6,386
6,387
6,389
6,390
6,392
6,394
6,395
6,397
6,398
6,400
6,402
6,403
6,405
6,406
6,408
6,409
6,411
6,413
6,414
6,416
6,417
6,419
6,421
6,422
6,424
6,425
6,427
6,429
6,430
6,432
6,433
6,435
6,436
6,438
6,440
6,441
6,443
6,444
6,446
6,448
6,449
6,451
6,452
6,454
6,455
6,457
6,459
6,460
6,462
6,464
6,466
6,468
6,469
6,471
6,472
6,474
6,475
6,477
6,479
6,480
6,482
6,483
6,485
6,487
6,488
6,490
6,491
6,493
6,494
6,497
6,499
6,500
6,502
6,503
6,505
6,507
6,509
6,511
6,512
6,514
6,516
6,517
6,519
6,520
6,522
6,523
6,525
6,527
6,528
6,530
6,531
6,533
6,535
6,536
6,538
6,539
6,541
6,542
6,544
6,546
6,547
6,549
6,550
6,552
6,554
6,555
6,557
6,558
6,560
6,561
6,563
6,565
6,566
6,568
6,569
6,571
6,573
6,574
6,576
6,577
6,579
6,581
6,582
6,584
6,585
6,587
6,588
6,590
6,592
6,593
6,595
6,596
6,598
6,600
6,601
6,603
6,604
6,606
6,607
6,609
6,611
6,612
6,614
6,615
6,617
6,619
6,620
6,622
6,623
6,625
6,626
6,628
6,630
6,631
6,633
6,634
6,636
6,638
6,639
6,641
6,642
6,644
6,646
6,647
6,649
6,650
6,652
6,653
6,655
6,657
6,658
6,660
6,661
6,663
6,665
6,666
6,668
6,669
6,671
6,672
6,674
6,676
6,677
6,679
6,680
6,682
6,684
6,685
6,687
6,688
6,690
6,691
6,693
6,695
6,696
6,698
6,699
6,701
6,703
6,704
6,706
6,707
6,709
6,710
6,712
6,714
6,715
6,717
6,718
6,720
6,722
6,723
6,725
6,726
6,728
6,730
6,731
6,733
6,734
6,736
6,737
6,739
6,741
6,742
6,744
6,745
6,747
6,749
6,750
6,752
6,753
6,755
6,756
6,758
6,760
6,761
6,763
6,764
6,766
6,768
6,769
6,771
6,772
6,774
6,775
6,777
6,779
6,780
6,782
6,783
6,785
6,787
6,788
6,790
6,791
6,793
6,795
6,796
6,798
6,799
6,801
6,802
6,804
6,806
6,807
6,809
6,810
6,812
6,814
6,815
6,817
6,818
6,820
6,821
6,823
6,825
6,826
6,828
6,829
6,831
6,833
6,834
6,836
6,837
6,839
6,840
6,842
6,844
6,845
6,847
6,848
6,850
6,852
6,853
6,855
6,856
6,858
6,859
6,861
6,863
6,864
6,866
6,867
6,869
6,871
6,872
6,874
6,875
6,877
6,879
6,880
6,882
6,883
6,885
6,886
6,888
6,890
6,891
6,893
6,894
6,896
6,898
6,899
6,901
6,902
6,904
6,905
6,907
6,909
6,910
6,912
6,913
6,915
6,917
6,918
6,921
6,922
6,924
6,925
6,927
6,929
6,930
6,932
6,933
6,935
6,937
6,938
6,941
6,942
6,944
6,946
6,947
6,949
6,950
6,952
6,953
6,955
6,957
6,958
6,960
6,961
6,963
6,965
6,966
6,968
6,969
6,971
6,972
6,974
6,976
6,977
6,979
6,980
6,982
6,984
6,985
6,987
6,988
6,990
6,991
6,993
6,995
6,996
6,998
6,999
6,1001
6,1003
6,1004
6,1006
6,1007
6,1009
6,1010
6,1012
6,1014
6,1015
6,1017
6,1018
6,1020
6,1022
6,1023
6,1025
6,1026
6,1028
6,1030
6,1032
6,1034
6,1035
6,1037
6,1039
6,1041
6,1043
6,1044
6,1047
6,1048
6,1050
6,1088
6,1089
6,1091
6,1092
6,1094
6,1095
6,1097
6,1099
6,1100
6,1102
6,1103
6,1105
6,1107
6,1108
6,1110
6,1111
6,1113
6,1114
6,1116
6,1118
6,1119
6,1121
6,1122
6,1124
6,1126
6,1127
6,1129
6,1130
6,1132
6,1134
6,1135
6,1137
6,1138
6,1140
6,1141
6,1143
6,1145
6,1146
6,1148
6,1149
6,1151
6,1153
6,1154
6,1156
6,1157
6,1159
6,1160
6,1212
6,1214
6,1215
6,1217
6,1218
6,1279
6,1281
6,1282
6,1284
6,1285
6,1287
6,1288
6,1290
6,1292
6,1293
6,1295
6,1296
6,1298
6,1300
6,1301
6,1303
6,1304
6,1306
6,1308
6,1309
6,1311
6,1312
6,1314
6,1315
6,1317
6,1319
6,1320
6,1407
6,1321
6,1318
6,1316
6,1313
6,1310
6,1307
6,1305
6,1302
6,1299
6,1297
6,1294
6,1291
6,1289
6,1286
6,1283
6,1280
6,1278
6,1216
6,1213
6,1163
6,1158
6,1155
6,1152
6,1150
6,1147
6,1144
6,1142
6,1139
6,1136
6,1133
6,1131
6,1128
6,1125
6,1123
6,1120
6,1117
6,1115
6,1112
6,1109
6,1106
6,1104
6,1101
6,1098
6,1096
6,1093
6,1090
6,1087
6,1049
6,1045
6,1042
6,1040
6,1036
6,1033
6,1029
6,1027
6,1024
6,1021
6,1019
6,1016
6,1013
6,1011
6,1008
6,1005
6,1002
6,1000
6,997
6,994
6,992
6,989
6,986
6,983
6,981
6,978
6,975
6,973
6,970
6,967
6,964
6,962
6,959
6,956
6,954
6,951
6,948
6,945
6,943
6,939
6,936
6,934
6,931
6,928
6,926
6,923
6,920
6,916
6,914
6,911
6,908
6,906
6,903
6,900
6,897
6,895
6,892
6,889
6,887
6,884
6,881
6,878
6,876
6,873
6,870
6,868
6,865
6,862
6,860
6,857
6,854
6,851
6,849
6,846
6,843
6,841
6,838
6,835
6,832
6,830
6,827
6,824
6,822
6,819
6,816
6,813
6,811
6,808
6,805
6,803
6,800
6,797
6,794
6,792
6,789
6,786
6,784
6,781
6,778
6,776
6,773
6,770
6,767
6,765
6,762
6,759
6,757
6,754
6,751
6,748
6,746
6,743
6,740
6,738
6,735
6,732
6,729
6,727
6,724
6,721
6,719
6,716
6,713
6,711
6,708
6,705
6,702
6,700
6,697
6,694
6,692
6,689
6,686
6,683
6,681
6,678
6,675
6,673
6,670
6,667
6,664
6,662
6,659
6,656
6,654
6,651
6,648
6,645
6,643
6,640
6,637
6,635
6,632
6,629
6,627
6,624
6,621
6,618
6,616
6,613
6,610
6,608
6,605
6,602
6,599
6,597
6,594
6,591
6,589
6,586
6,583
6,580
6,578
6,575
6,572
6,570
6,567
6,564
6,562
6,559
6,556
6,553
6,551
6,548
6,545
6,543
6,540
6,537
6,534
6,532
6,529
6,526
6,524
6,521
6,518
6,515
6,513
6,510
6,506
6,504
6,501
6,498
6,495
6,492
6,489
6,486
6,484
6,481
6,478
6,476
6,473
6,470
6,467
6,465
6,461
6,458
6,456
6,453
6,450
6,447
6,445
6,442
6,439
6,437
6,434
6,431
6,428
6,426
6,423
6,420
6,418
6,415
6,412
6,410
6,407
6,404
6,401
6,399
6,396
6,393
6,391
6,388
6,385
6,325
6,323
6,319
6,316
6,314
6,311
6,308
6,305
6,303
6,300
6,297
6,295
6,292
6,289
6,287
6,284
6,281
6,278
6,276
6,273
6,270
6,268
6,265
6,262
6,259
6,257
6,254
6,251
6,249
6,246
6,243
6,240
6,238
6,235
6,232
6,230
6,227
6,224
6,221
6,219
6,216
6,213
6,211
6,208
6,205
6,203
6,200
6,197
6,194
6,192
6,189
6,186
6,184
6,181
6,178
6,175
6,173
6,170
6,167
6,165
6,162
6,159
6,155
6,149
6,144
6,141
6,139
6,134
6,130
6,128
6,125
6,121
6,116
6,113
6,108
6,105
6,103
6,99
6,92
6,89
6,87
6,84
6,81
6,78
6,74
6,71
6,67
6,65
6,61
6,58
6,56
6,52
6,49
0,531
0,269
0,530
0,268
0,529
0,267
0,528
0,266
0,527
0,265
0,526
0,264
0,525
0,263
0,524
0,262
0,523
0,261
0,522
0,260
0,521
0,259
0,520
0,258
0,519
0,257
0,518
0,256
0,517
0,255
0,516
0,254
0,515
0,253
0,514
0,252
0,513
0,251
0,512
0,250
0,511
0,249
0,510
0,248
0,509
0,247
0,508
0,246
0,507
0,245
0,506
0,244
0,505
0,242
0,504
0,241
0,503
0,240
0,502
0,239
0,501
0,238
0,500
0,237
0,499
0,236
0,498
0,235
0,497
0,234
0,496
0,233
0,495
0,232
0,494
0,231
0,493
0,230
0,492
0,229
0,491
0,228
0,490
0,227
0,489
0,226
0,488
0,225
0,487
0,224
0,486
0,223
0,485
0,222
0,484
0,221
0,483
0,220
0,482
0,219
0,481
0,218
0,480
0,217
0,479
0,216
0,478
0,215
0,477
0,214
0,476
0,213
0,475
0,212
0,474
0,211
0,473
0,210
0,472
0,209
0,471
0,208
0,470
0,207
0,469
0,206
0,468
0,205
0,467
0,204
0,466
0,203
0,465
0,202
0,464
0,201
0,463
0,200
0,462
0,199
0,461
0,198
0,460
0,197
0,459
0,196
0,458
0,195
0,457
0,194
0,456
0,193
0,455
0,192
0,454
0,63
0,453
0,62
0,451
0,61
0,450
0,60
0,449
0,59
0,448
0,58
0,319
0,57
0,318
0,56
0,317
0,55
0,316
0,54
0,315
0,53
0,314
0,52
0,313
0,51
0,312
0,50
0,564
0,49
0,310
0,48
0,309
0,47
0,308
0,46
0,307
0,45
0,301
0,6
0,5
0,304
0,303
0,306
0,305
0,302
0,12
0,10
0,8
0,11
0,4
0,2
0,3
0,7
